depth,thickness
883.12,8.28
889.14,6.02
904.18,15.05
916.67,12.49
923.59,6.92
929.61,6.02
940.14,10.53
949.77,9.63
956.24,6.47
963.01,6.77
972.34,9.33
1015.52,43.18
1040.50,24.98
1060.96,20.46
1070.44,9.48
1082.02,11.59
1087.74,5.72
1093.01,5.27
1098.99,5.98
1107.68,8.69
1116.82,9.14
1123.48,6.66
1128.33,4.85
1139.39,11.06
1159.92,20.54
1167.82,7.90
1201.00,33.18
1203.83,2.83
1207.90,4.07
1213.11,5.20
1250.02,36.91
1275.22,25.20
1281.78,6.56
1294.59,12.81
1322.31,27.72
1327.62,5.32
1333.17,5.54
1341.20,8.03
1352.96,11.77
1359.07,6.11
1364.84,5.77
1370.39,5.54
1380.46,10.07
1387.47,7.01
1393.01,5.54
1398.10,5.09
1402.19,4.09
1416.56,14.37
1425.56,9.00
1460.11,34.55
1467.24,7.13
1480.46,13.22
1500.96,20.50
1511.30,10.34
1528.58,17.28
1538.08,9.50
1546.71,8.63
1551.62,4.91
1558.06,6.44
1568.05,10.00
1576.70,8.64
1591.94,15.25
1603.47,11.52
1615.16,11.69
1622.27,7.12
1640.74,18.47
1668.86,28.13
1680.39,11.52
1700.38,19.99
1714.95,14.57
1723.59,8.64
1732.57,8.98
1742.57,10.00
1766.29,23.72
1772.55,6.27
1789.16,16.60
1808.98,19.82
1872.98,64.00
1881.79,8.81
1884.56,2.77
1886.77,2.20
1890.50,3.73
1894.90,4.41
1897.61,2.71
1903.54,5.93
1915.74,12.20
1923.20,7.45
1925.91,2.71
1932.85,6.95
1944.88,12.03
1951.32,6.44
1961.83,10.50
1977.92,16.10
1986.22,8.30
1995.37,9.15
2001.13,5.76
2010.96,9.83
2034.96,24.00
2039.18,4.22
2046.64,7.45
2056.12,9.49
2062.73,6.61
2078.66,15.93
2095.09,16.43
2104.58,9.49
2113.05,8.47
2127.28,14.23
2140.67,13.38
2147.24,6.58
2156.45,9.21
2160.40,3.95
2177.93,17.53
2184.94,7.01
2194.59,9.64
2204.23,9.64
2210.37,6.14
2218.26,7.89
2223.96,5.70
2229.22,5.26
2237.98,8.77
2248.07,10.08
2665.38,417.32
2672.83,7.45
2678.53,5.70
2686.86,8.33
2699.57,12.71
2714.92,15.34
2724.56,9.64
2741.22,16.66
2765.33,24.11
2781.55,16.22
2796.89,15.34
2807.85,10.96
2817.05,9.21
2828.45,11.40
2835.03,6.58
2840.72,5.70
2847.74,7.01
2866.15,18.41
2874.48,8.33
2887.19,12.71
2892.45,5.26
2900.34,7.89
2910.42,10.08
2917.44,7.01
2925.33,7.89
2939.79,14.47
2953.82,14.03
2968.72,14.90
2984.07,15.34
2995.03,10.96
3003.35,8.33
3013.44,10.08
3018.70,5.26
3029.22,10.52
3045.44,16.22
3049.82,4.38
3052.89,3.07
3060.34,7.45
3069.11,8.77
3091.90,22.79
3116.89,24.99
3137.05,20.16
3141.44,4.38
3144.94,3.51
3151.52,6.58
3155.90,4.38
3160.72,4.82
3207.62,46.90
3212.88,5.26
3217.71,4.82
3222.53,4.82
3228.67,6.14
3238.66,9.99
3244.57,5.90
3256.83,12.26
3274.55,17.71
3282.27,7.72
3295.44,13.17
3307.70,12.26
3316.33,8.63
3325.87,9.54
3336.77,10.90
3346.76,9.99
3359.03,12.26
3364.93,5.90
3375.83,10.90
3393.55,17.71
3403.09,9.54
3412.17,9.08
3420.35,8.18
3435.34,14.99
3443.97,8.63
3453.50,9.54
3469.40,15.90
3481.21,11.81
3489.84,8.63
3497.56,7.72
3506.19,8.63
3517.55,11.36
3523.45,5.90
3532.54,9.08
3544.35,11.81
3561.15,16.81
3567.06,5.90
3574.33,7.27
3579.78,5.45
3589.31,9.54
3594.76,5.45
3601.12,6.36
3612.48,11.36
3629.28,16.81
3638.82,9.54
3645.18,6.36
3653.36,8.18
3661.08,7.72
3665.62,4.54
3671.98,6.36
3690.15,18.17
3694.24,4.09
3698.78,4.54
3717.86,19.08
3722.85,5.00
3736.93,14.08
3746.93,9.99
3762.82,15.90
3775.54,12.72
3784.63,9.08
3791.89,7.27
3799.61,7.72
3810.97,11.36
3819.15,8.18
3832.77,13.63
3848.67,15.90
3860.88,12.21
3869.93,9.05
3878.52,8.59
3886.21,7.69
3897.97,11.76
3909.74,11.76
3926.49,16.75
3939.59,13.10
3968.99,29.40
3985.73,16.74
3991.16,5.43
3997.49,6.33
4006.08,8.59
4019.20,13.12
4028.25,9.05
4035.49,7.24
4044.99,9.50
4059.91,14.93
4091.12,31.21
4096.10,4.98
4103.79,7.69
4144.57,40.78
4148.57,4.00
4155.81,7.24
4161.24,5.43
4167.12,5.88
4178.43,11.31
4183.40,4.98
4195.62,12.21
4198.78,3.17
4206.47,7.69
4210.09,3.62
4213.71,3.62
4219.59,5.88
4226.83,7.24
4234.97,8.14
4244.47,9.50
4249.44,4.98
4256.68,7.24
4269.80,13.12
4275.23,5.43
4284.27,9.05
4305.99,21.71
4315.94,9.95
4322.27,6.33
4335.39,13.12
4356.65,21.26
4364.34,7.69
4372.93,8.59
4377.00,4.07
4383.79,6.79
4397.29,13.50
4410.48,13.19
4415.91,5.43
4424.95,9.05
4432.64,7.69
4444.86,12.21
4453.00,8.14
4459.33,6.33
4470.19,10.86
4482.85,12.67
4490.99,8.14
4500.95,9.95
4508.64,7.69
4514.06,5.43
4519.49,5.43
4538.94,19.45
4547.54,8.59
4554.32,6.79
4561.11,6.79
4574.68,13.57
4579.20,4.52
4584.18,4.98
4594.58,10.40
4609.96,15.38
4615.84,5.88
4621.72,5.88
4629.86,8.14
4636.20,6.33
4651.12,14.93
4682.33,31.21
4687.31,4.98
4690.93,3.62
4694.10,3.17
4696.36,2.26
4699.52,3.17
4702.24,2.71
4706.31,4.07
4709.48,3.17
4713.09,3.62
4718.07,4.98
4726.21,8.14
4737.07,10.86
4749.28,12.21
4756.07,6.79
4766.47,10.40
4770.09,3.62
4776.42,6.33
4787.28,10.86
4824.82,37.54
4835.23,10.40
4842.92,7.69
4854.22,11.31
4868.25,13.52
4891.77,25.69
4894.94,2.00
4901.27,6.33
4907.60,6.33
4914.39,6.79
4919.36,4.98
4926.60,7.24
4934.29,7.69
4941.53,7.24
4944.24,2.71
4952.38,8.14
4959.17,6.79
4964.14,4.98
4970.02,5.88
4984.05,15.97
4994.00,8.00
5004.85,10.86
5013.90,9.05
5020.23,6.33
5028.38,8.14
5039.23,10.86
5046.47,7.24
5050.54,4.07
5053.71,3.17
5056.42,2.71
5065.02,8.59
5076.78,11.76
5081.75,4.98
5087.18,5.43
5100.75,13.57
5105.27,4.52
5117.03,11.76
5123.82,6.79
5128.34,4.52
5138.75,10.40
5151.41,12.67
5158.20,6.79
5164.98,6.79
5172.67,7.69
5177.20,4.52
5183.98,6.79
5189.41,5.43
5196.19,6.79
5205.24,9.05
5231.49,26.25
5237.38,5.89
5245.07,7.70
5251.87,6.79
5260.92,9.05
5271.78,10.86
5279.03,7.24
5286.27,7.24
5295.78,9.51
5300.30,4.53
5306.19,5.89
5313.89,7.70
5317.96,4.07
5325.66,7.70
5333.80,8.15
5341.95,8.15
5358.25,16.30
5365.49,7.24
5373.64,8.15
5377.26,3.62
5381.34,4.07
5385.87,4.53
5389.94,4.07
5395.37,5.43
5403.52,8.15
5408.95,5.43
5418.01,9.05
5426.61,8.60
5432.04,5.43
5436.12,4.07
5442.45,6.34
5447.43,4.98
5453.77,6.34
5460.11,6.34
5466.45,6.34
5480.48,14.03
5487.72,7.24
5491.80,4.07
5496.32,4.53
5503.12,6.79
5508.10,4.98
5518.05,9.96
5528.47,10.41
5538.43,9.96
5549.29,10.86
5557.89,8.60
5566.04,8.15
5570.57,4.53
5581.89,11.32
5586.41,4.53
5591.39,4.98
5597.73,6.34
5606.33,8.60
5613.57,7.24
5626.70,13.13
5664.27,37.57
5668.35,4.07
5680.12,11.77
5690.98,10.86
5699.13,8.15
5710.45,11.32
5722.22,11.77
5726.75,4.53
5732.63,5.89
5737.61,4.98
5743.50,5.89
5750.29,6.79
5758.89,8.60
5768.85,9.96
5776.09,7.24
5796.46,20.37
5800.99,4.53
5813.67,12.68
5818.63,4.97
5821.34,2.71
5823.60,2.26
5830.37,6.77
5834.89,4.52
5840.31,5.42
5845.27,4.97
5853.85,8.58
5858.82,4.97
5864.69,5.87
5871.01,6.32
5894.04,4.06
5902.62,8.58
5926.80,24.18
5978.30,51.50
5979.80,1.50
5985.70,5.87
5993.38,7.68
6000.15,6.77
6006.93,6.77
6014.60,7.68
6034.92,20.32
6042.15,7.22
6049.37,7.22
6061.56,12.19
6071.04,9.48
6085.04,14.00
6099.04,14.00
6109.43,10.39
6117.10,7.68
6134.71,17.61
6139.68,4.97
6145.55,5.87
6154.13,8.58
6159.09,4.97
6163.16,4.06
6169.48,6.32
6176.70,7.22
6185.74,9.03
6191.15,5.42
6197.02,5.87
6201.99,4.97
6206.51,4.52
6218.70,12.19
6224.57,5.87
6230.44,5.87
6236.76,6.32
6239.92,3.16
6243.08,3.16
6245.79,2.71
6250.31,4.52
6255.27,4.97
6259.79,4.52
6262.05,2.26
6268.37,6.32
6271.08,2.71
6275.14,4.06
6285.53,10.39
6288.69,3.16
6294.56,5.87
6298.17,3.61
6305.39,7.22
6315.78,10.39
6324.36,8.58
6331.58,7.22
6339.71,8.13
6342.42,2.71
6345.58,3.16
6351.45,5.87
6357.77,6.32
6364.55,6.77
6368.16,3.61
6372.67,4.52
6380.80,8.13
6386.67,5.87
6395.25,8.58
6400.22,4.97
6404.73,4.52
6412.86,8.13
6417.38,4.52
6422.80,5.42
6428.21,5.42
6433.63,5.42
6438.60,4.97
6444.47,5.87
6452.60,8.13
6463.89,11.29
6470.66,6.77
6476.53,5.87
6480.14,3.61
6484.20,4.06
6492.33,8.13
6496.40,4.06
6501.82,5.42
6505.43,3.61
6510.85,5.42
6518.97,8.13
6528.00,9.03
6531.62,3.61
6537.04,5.42
6549.68,12.64
6554.19,4.52
6560.97,6.77
6570.00,9.03
6575.87,5.87
6580.83,4.97
6585.80,4.97
6594.38,8.58
6598.90,4.52
6604.32,5.42
6646.76,42.44
6658.95,12.19
6663.91,4.97
6670.69,6.77
6677.01,6.32
6682.88,5.87
6690.10,7.22
6695.07,4.97
6704.55,9.48
6707.26,2.71
6714.49,7.22
6721.71,7.22
6726.23,4.52
6730.29,4.06
6733.45,3.16
6737.97,4.52
6743.38,5.42
6748.35,4.97
6753.77,5.42
6762.80,9.03
6774.99,12.19
6781.31,6.32
6788.99,7.68
6793.96,4.97
6802.09,8.13
6806.15,4.06
6812.92,6.77
6816.99,4.06
6822.40,5.42
6828.73,6.32
6850.40,21.67
6856.72,6.32
6861.69,4.97
6868.01,6.32
6882.46,14.45
6888.78,6.32
6896.01,7.22
6900.97,4.97
6903.23,2.26
6909.10,5.87
6919.03,9.93
6933.94,14.90
6939.81,5.87
6945.22,5.42
6950.19,4.97
6955.16,4.97
6961.48,6.32
6969.16,7.68
6979.99,10.84
6985.86,5.87
6990.38,4.52
6993.99,3.61
6997.60,3.61
7004.83,7.22
7011.60,6.77
7019.73,8.13
7049.13,5.47
7054.14,5.01
7058.69,4.56
7063.25,4.56
7070.08,6.83
7080.56,10.48
7102.07,21.51
7106.07,4.00
7112.90,6.83
7123.83,10.93
7129.30,5.47
7141.59,12.30
7159.81,18.22
7162.09,2.28
7165.28,3.19
7169.38,4.10
7178.03,8.65
7183.50,5.47
7194.89,11.39
7199.90,5.01
7204.91,5.01
7210.83,5.92
7216.75,5.92
7224.04,7.29
7230.87,6.83
7270.05,39.17
7274.15,4.10
7280.07,5.92
7287.36,7.29
7291.91,4.56
7296.92,5.01
7301.02,4.10
7315.14,14.12
7324.25,9.11
7357.05,32.80
7364.34,7.29
7369.35,5.01
7374.36,5.01
7376.64,2.28
7381.65,5.01
7389.85,8.20
7393.49,3.64
7399.41,5.92
7407.61,8.20
7411.71,4.10
7417.18,5.47
7424.46,7.29
7436.31,11.84
7442.68,6.38
7448.15,5.47
7454.07,5.92
7463.18,9.11
7468.65,5.47
7471.38,2.73
7476.39,5.01
7479.58,3.19
7482.31,2.73
7485.96,3.64
7489.60,3.64
7492.34,2.73
7495.07,2.73
7496.89,1.82
7500.53,3.64
7506.46,5.92
7515.57,9.11
7526.95,11.39
7548.36,21.41
7556.11,7.74
7560.21,4.10
7566.58,6.38
7592.09,25.51
7598.92,6.83
7603.02,4.10
7605.76,2.73
7608.95,3.19
7611.68,2.73
7615.32,3.64
7622.15,6.83
7626.54,4.39
7640.04,13.50
7646.30,4.10
7651.31,5.01
7657.23,5.92
7671.35,14.12
7675.90,4.56
7680.46,4.56
7685.01,4.56
7690.94,5.92
7697.77,6.83
7706.42,8.65
7712.80,6.38
7732.39,19.59
7738.31,5.92
7745.14,6.83
7753.34,8.20
7756.53,3.19
7760.63,4.10
7766.55,5.92
7769.28,2.73
7772.93,3.64
7777.94,5.01
7783.86,5.92
7790.69,6.83
7797.53,6.83
7804.81,7.29
7811.19,6.38
7816.20,5.01
7823.49,7.29
7827.13,3.64
7834.88,7.74
7838.04,3.16
7843.05,5.01
7853.55,10.50
7874.05,20.50
7879.52,5.47
7885.44,5.92
7889.99,4.56
7892.73,2.73
7898.65,5.92
7905.94,7.29
7915.96,10.02
7920.06,4.10
7922.79,2.73
7926.43,3.64
7929.62,3.19
7933.27,3.64
7939.19,5.92
7942.83,3.64
7946.02,3.19
7951.94,5.92
7956.04,4.10
7963.79,7.74
7970.16,6.38
7978.82,8.65
7982.92,4.10
7986.56,3.64
7993.39,6.83
7998.86,5.47
8003.41,4.56
8007.51,4.10
8011.16,3.64
8017.54,6.38
8022.55,5.01
8027.56,5.01
8030.29,2.73
8036.67,6.38
8039.85,3.19
8045.32,5.47
8050.33,5.01
8053.98,3.64
8057.62,3.64
8141.43,83.81
8145.08,3.64
8150.09,5.01
8156.01,5.92
8163.30,7.29
8170.59,7.29
8176.05,5.47
8184.71,8.65
8192.45,7.74
8205.66,13.21
8211.58,5.92
8217.50,5.92
8226.61,9.11
8233.90,7.29
8238.91,5.01
8243.47,4.56
8249.39,5.92
8256.22,6.83
8259.41,3.19
8265.79,6.38
8270.80,5.01
8279.00,8.20
8282.18,3.19
8286.74,4.56
8290.84,4.10
8298.13,7.29
8303.59,5.47
8309.06,5.47
8319.08,10.02
8323.18,4.10
8330.01,6.83
8334.11,4.10
8338.21,4.10
8343.22,5.01
8347.32,4.10
8354.61,7.29
8360.99,6.38
8372.38,11.39
8401.08,28.70
8403.81,2.73
8406.08,2.28
8409.27,3.19
8411.55,2.28
8414.28,2.73
8416.10,1.82
8419.29,3.19
,
,
,
,
,
,
,
,
,
,
,
,
,
